11011001
11111010
11111111
00000111
11011101
00001110
11011010
00000101
00010010
11111111
00001010
11101000
00001100
11110110
11011110
11110110
11101100
11101010
00001010
00000010
11111001
11101000
00011110
00011111
11101110
00001010
00011000
00100111
00100100
11110110
11100011
00011001
11011111
11100011
11110100
00011101
00000111
00000111
00100100
00000110
11010111
00011010
00001001
11111110
11101100
11101100
11111110
11101001
11011010
11100100
11101100
11100110
00001001
00011011
00011010
00011010
00010010
00011110
00011000
11100111
00101010
11011110
00001101
11101000
