11001010
10010011
11100101
00110001
11101100
00101010
00001100
01001110
00001110
00110111
00001100
00100001
11001011
11111101
10011000
11010000
00001011
00101111
11101111
10111000
11010100
00100010
11011111
11001111
11011101
00000101
00100000
00101011
00100101
11100001
11100101
11110001
01000101
11110010
11111010
01001011
00010001
00001011
00010010
00010101
11111011
11101101
00100110
00011110
00111110
11101111
11101111
01001100
00010010
00010111
00001011
01010110
00001001
00001110
10111000
00000111
00001110
11111001
00001101
10110111
01001000
10111010
01111100
11011001
