11100010
11100000
11101010
00011101
11101110
00011100
00001011
00100000
00001101
00011110
00001011
00011001
11100010
11111101
11100000
11100011
00001011
00011101
11110000
11100001
11100100
00011001
11100111
11100011
11100110
00000101
00011000
00011100
00011010
11101000
11101010
11110010
00011111
11110011
11111010
00011111
00010000
00001011
00010000
00010010
11111011
11101111
00011011
00010111
00011111
11110000
11110000
00011111
00010000
00010100
00001011
00100000
00001001
00001101
11100001
00000111
00001101
11111001
00001100
11100001
00011111
11100001
00100000
11100101
