00011110
00001111
00011010
00000011
00100111
11011011
00000100
11101110
11111110
00010000
11100111
00001001
11110001
00100000
11100001
11011110
00100111
11100011
11100011
11100011
11011101
11111100
00001110
00011100
00011001
00010010
11111110
00010010
00100111
00000000
11101111
00011001
11101010
11101010
11111101
00001010
00001010
11100000
11100000
11101110
00010100
11111000
00011100
00100101
11110111
11011010
00000110
00010101
11110001
11111111
11101000
00100101
11111111
00000011
11101000
11011110
11011011
00011011
00010111
11100110
00100001
00010000
00001101
00101010
